-6.453 3.053
-5.387 3.520
-4.720 2.420
-5.287 0.687
-6.587 0.187
-7.120 0.987
-6.253 0.153
-5.087 1.087
-4.353 2.420
-3.887 3.353
-4.353 2.253
-4.620 1.353
-5.087 0.187
-5.020 0.353
-4.653 1.153
-4.253 2.320
-3.087 3.387
-2.220 2.953
-3.153 3.453
-4.087 2.420
-4.587 1.353
-4.220 0.320
-3.620 0.120
-2.353 0.453
-1.820 0.153
-0.653 0.620
0.380 2.053
-0.087 3.420
-1.420 2.453
-2.020 0.287
-1.120 0.253
0.313 0.987
1.347 2.287
2.113 3.353
1.780 2.253
1.380 0.953
1.213 0.353
1.113 0.120
1.380 1.220
1.813 2.220
2.447 2.887
3.380 3.453
3.813 2.820
3.647 1.620
3.513 0.587
3.913 0.120
4.580 0.520
4.913 0.153
6.080 0.587
6.780 2.387
6.147 3.787
5.080 3.087
4.380 1.387
4.947 0.020
5.913 0.587
6.547 1.753
6.947 2.587
7.113 3.453
6.813 2.287
6.447 1.620
6.347 1.153
6.147 0.287
6.647 0.153
7.880 1.353
8.113 3.687
6.613 5.553
2.913 6.420
-1.020 6.153
-3.620 5.720
-5.953 4.587
